1.520303068955881187e+00
1.290710114375273054e+00
1.520150589024605203e+00
1.899999999999999911e+00
1.494692536051468235e+00
1.877725599996460604e+00
1.378691460243666622e+00
1.674263003352778334e+00
1.397518116210981987e+00
1.224829126466791429e+00
1.477572869469578443e+00
1.486796418887005755e+00
1.531916825249863390e+00
1.787968383791120885e+00
1.870346160495655274e+00
1.212991338124427498e+00
1.246077081060654956e+00
1.259627758439026080e+00
1.886220612436929844e+00
1.557235427907273539e+00
1.301238393880813193e+00
1.514121132471596631e+00
1.100000000000000089e+00
1.813613066089519554e+00
1.759490375097643611e+00
1.232449117611473355e+00
1.556209086223379057e+00
1.575631618762367570e+00
1.722693838283695378e+00
1.227585956408679735e+00
1.257814719920714142e+00
1.660079617542581598e+00
1.135641648853422003e+00
1.539099522758303085e+00
1.325317885346395608e+00
