1.899999999999999911e+00
1.489494393457015953e+00
1.186616261638600234e+00
1.457438495732144679e+00
1.879236311433109874e+00
1.391416817747708201e+00
1.100000000000000089e+00
1.353971754627237178e+00
1.209342507287007873e+00
1.822400339234743871e+00
1.858423818659526772e+00
1.324096990004009822e+00
1.728174267543620468e+00
1.431493047403165964e+00
1.455877705810262768e+00
1.344200393309327390e+00
1.469889379765610293e+00
1.455268323016032816e+00
1.121665437300932933e+00
1.197229849892440301e+00
